{
 "cells": [
  {
   "cell_type": "markdown",
   "metadata": {},
   "source": [
    "<center> <h1> 2D  Simple Harmonic Oscillator</h1> </center>"
   ]
  },
  {
   "cell_type": "code",
   "execution_count": 21,
   "metadata": {},
   "outputs": [],
   "source": [
    "import numpy as np\n",
    "from scipy.constants import physical_constants as pc\n",
    "import matplotlib.pyplot as plt\n",
    "from mpl_toolkits import mplot3d\n",
    "import plotly\n",
    "import plotly.graph_objects as go"
   ]
  },
  {
   "cell_type": "code",
   "execution_count": 22,
   "metadata": {},
   "outputs": [],
   "source": [
    "amu_to_au = 1.0/(pc['kilogram-atomic mass unit relationship'][0]*pc['atomic unit of mass'][0])\n",
    "            #1822.888479031408\n",
    "hartree_to_cm1 = pc['hartree-hertz relationship'][0]/pc['speed of light in vacuum'][0]/100.0 \n",
    "            #2.194746313705e5\n",
    "sec = pc['atomic unit of time'][0]  #  2.418884326505e-17\n",
    "cee = 100.0*pc['speed of light in vacuum'][0] #  2.99792458e10 cm/s\n",
    "bohr_to_angstroms = pc['atomic unit of length'][0]*1e10"
   ]
  },
  {
   "cell_type": "code",
   "execution_count": 23,
   "metadata": {},
   "outputs": [],
   "source": [
    "mumass = 1.0\n",
    "we = 400.00   # Harmonic frequency in wavenumbers\n",
    "\n",
    "nmu = mumass*amu_to_au\n",
    "nfreq = we*sec*cee # angular harmonic frequency in au \n",
    "nkeq = ((2.0*np.pi*nfreq)**2)*nmu  # force constant in au\n",
    "k = -1.0/(2.0*nmu)   # Use this if you want to change the units (don't)"
   ]
  },
  {
   "cell_type": "code",
   "execution_count": 24,
   "metadata": {},
   "outputs": [],
   "source": [
    "def potential(point, k):\n",
    "    x, y = point\n",
    "    r = np.sqrt(x*x + y*y)\n",
    "    u = 1/2 * k * (r) ** 2\n",
    "    return u\n",
    "\n",
    "def gen_V(x, u):\n",
    "    \"\"\"\n",
    "    Assemble the matrix representation of the potential energy\n",
    "    \"\"\"\n",
    "    V = np.zeros((NUM*NUM, NUM*NUM)).astype(np.complex)\n",
    "    for m in range(NUM*NUM):\n",
    "        V[m, m] = u[m]\n",
    "    return(V)\n",
    "\n",
    "\n",
    "def gen_T(xy, k):\n",
    "    dx = xy[1][0] - xy[0][0]\n",
    "    dy = xy[NUM][1] - xy[0][1]\n",
    "    \n",
    "    T = np.zeros((NUM*NUM, NUM*NUM)).astype(np.complex)\n",
    "    row_len = int(np.sqrt(NUM*NUM))\n",
    "\n",
    "    for m in range(0, NUM*NUM):\n",
    "        for n in [m-NUM, m-1, m, m+1, m+NUM]:\n",
    "            if (n >= 0 and n < NUM*NUM):\n",
    "                factor = laplace_factor(m, n, row_len, dx, dy)\n",
    "                T[m, n] = k * factor\n",
    "    return(T)\n",
    "\n",
    "\n",
    "def convert(xy, row_len):\n",
    "    return xy//row_len, xy%row_len\n",
    "\n",
    "\n",
    "def laplace_factor(idxy1, idxy2, row_len, dx, dy):    \n",
    "\n",
    "    idx1, idy1 = convert(idxy1, row_len)\n",
    "    idx2, idy2 = convert(idxy2, row_len)\n",
    "    iddx = np.abs(idx2 - idx1) \n",
    "    iddy = np.abs(idy2 - idy1)\n",
    "    \n",
    "    if (iddx == 1 and iddy == 0):\n",
    "        return 1 / (dx ** 2) \n",
    "    elif (iddx == 0 and iddy == 1):\n",
    "        return 1 / (dy ** 2) \n",
    "    elif (iddx == 0 and iddy == 0):\n",
    "        return -2 / (dy ** 2) -2 / (dx ** 2) \n",
    "    else:\n",
    "        return 0\n",
    "\n",
    "\n",
    "def solve_eigenproblem(H):\n",
    "    \"\"\"\n",
    "    Solve an eigenproblem and return the eigenvalues and eigenvectors.\n",
    "    \"\"\"\n",
    "    vals, vecs = np.linalg.eigh(H)\n",
    "    idx = np.real(vals).argsort()\n",
    "    vals = vals[idx]\n",
    "    vecs = vecs.T[idx]\n",
    "    return(vals, vecs)"
   ]
  },
  {
   "cell_type": "code",
   "execution_count": 25,
   "metadata": {},
   "outputs": [],
   "source": [
    "NUM = 60\n",
    "half_r = 2\n",
    "\n",
    "x = np.linspace(-half_r, half_r, NUM)\n",
    "y = np.linspace(-half_r, half_r, NUM)\n",
    "x, y = np.meshgrid(x, y)\n",
    "xy = np.stack((x, y), axis=-1)\n",
    "\n",
    "xy = np.reshape(xy, (-1, 2))"
   ]
  },
  {
   "cell_type": "code",
   "execution_count": 26,
   "metadata": {},
   "outputs": [
    {
     "data": {
      "text/plain": [
       "(3600, 2)"
      ]
     },
     "execution_count": 26,
     "metadata": {},
     "output_type": "execute_result"
    }
   ],
   "source": [
    "xy.shape"
   ]
  },
  {
   "cell_type": "code",
   "execution_count": 27,
   "metadata": {
    "scrolled": false
   },
   "outputs": [
    {
     "name": "stdout",
     "output_type": "stream",
     "text": [
      "CPU times: user 96.1 ms, sys: 111 ms, total: 208 ms\n",
      "Wall time: 205 ms\n"
     ]
    }
   ],
   "source": [
    "%%time\n",
    "u = np.zeros(xy.shape[0])\n",
    "\n",
    "for i, point in enumerate(xy):\n",
    "    u[i] = potential(point, nkeq)\n",
    "    \n",
    "V = gen_V(xy, u)"
   ]
  },
  {
   "cell_type": "code",
   "execution_count": 28,
   "metadata": {},
   "outputs": [
    {
     "data": {
      "application/vnd.plotly.v1+json": {
       "config": {
        "plotlyServerURL": "https://plot.ly"
       },
       "data": [
        {
         "type": "surface",
         "z": [
          [
           0.024219848339507983,
           0.02341275198576396,
           0.022633486540769736,
           0.02188205200452531,
           0.02115844837703067,
           0.020462675658285825,
           0.01979473384829078,
           0.01915462294704552,
           0.018542342954550057,
           0.01795789387080439,
           0.01740127569580852,
           0.016872488429562432,
           0.016371532072066146,
           0.015898406623319653,
           0.015453112083322954,
           0.01503564845207605,
           0.014646015729578939,
           0.014284213915831618,
           0.013950243010834097,
           0.013644103014586363,
           0.013365793927088426,
           0.013115315748340286,
           0.012892668478341938,
           0.012697852117093377,
           0.012530866664594617,
           0.012391712120845647,
           0.012280388485846474,
           0.012196895759597095,
           0.012141233942097504,
           0.012113403033347715,
           0.012113403033347715,
           0.012141233942097504,
           0.012196895759597095,
           0.012280388485846474,
           0.012391712120845647,
           0.012530866664594617,
           0.012697852117093377,
           0.012892668478341938,
           0.013115315748340286,
           0.013365793927088426,
           0.013644103014586363,
           0.013950243010834097,
           0.014284213915831618,
           0.014646015729578939,
           0.01503564845207605,
           0.015453112083322954,
           0.015898406623319653,
           0.016371532072066146,
           0.01687248842956244,
           0.01740127569580852,
           0.01795789387080439,
           0.018542342954550057,
           0.01915462294704552,
           0.01979473384829078,
           0.020462675658285825,
           0.021158448377030663,
           0.02188205200452531,
           0.022633486540769736,
           0.02341275198576396,
           0.024219848339507983
          ],
          [
           0.02341275198576396,
           0.022605655632019942,
           0.021826390187025715,
           0.021074955650781286,
           0.020351352023286653,
           0.01965557930454181,
           0.01898763749454676,
           0.018347526593301498,
           0.017735246600806043,
           0.01715079751706037,
           0.016594179342064502,
           0.01606539207581842,
           0.015564435718322134,
           0.015091310269575641,
           0.014646015729578939,
           0.014228552098332035,
           0.013838919375834922,
           0.013477117562087608,
           0.01314314665709008,
           0.012837006660842351,
           0.012558697573344414,
           0.012308219394596271,
           0.012085572124597916,
           0.011890755763349362,
           0.0117237703108506,
           0.011584615767101633,
           0.011473292132102459,
           0.011389799405853074,
           0.011334137588353489,
           0.011306306679603695,
           0.011306306679603695,
           0.011334137588353489,
           0.011389799405853074,
           0.011473292132102455,
           0.011584615767101633,
           0.0117237703108506,
           0.011890755763349362,
           0.012085572124597916,
           0.012308219394596271,
           0.012558697573344414,
           0.012837006660842351,
           0.01314314665709008,
           0.013477117562087608,
           0.013838919375834922,
           0.014228552098332035,
           0.014646015729578939,
           0.015091310269575641,
           0.015564435718322134,
           0.01606539207581842,
           0.016594179342064502,
           0.01715079751706037,
           0.017735246600806043,
           0.018347526593301498,
           0.01898763749454676,
           0.01965557930454181,
           0.020351352023286647,
           0.021074955650781286,
           0.021826390187025715,
           0.022605655632019942,
           0.02341275198576396
          ],
          [
           0.022633486540769736,
           0.021826390187025715,
           0.021047124742031496,
           0.020295690205787066,
           0.019572086578292423,
           0.018876313859547585,
           0.018208372049552533,
           0.017568261148307278,
           0.016955981155811817,
           0.016371532072066146,
           0.015814913897070276,
           0.015286126630824194,
           0.014785170273327904,
           0.014312044824581416,
           0.013866750284584712,
           0.01344928665333781,
           0.013059653930840697,
           0.012697852117093377,
           0.012363881212095855,
           0.012057741215848126,
           0.011779432128350188,
           0.011528953949602043,
           0.011306306679603695,
           0.011111490318355137,
           0.010944504865856377,
           0.010805350322107407,
           0.010694026687108234,
           0.010610533960858853,
           0.010554872143359264,
           0.01052704123460947,
           0.01052704123460947,
           0.010554872143359264,
           0.010610533960858853,
           0.010694026687108232,
           0.010805350322107407,
           0.010944504865856377,
           0.011111490318355139,
           0.011306306679603695,
           0.011528953949602043,
           0.011779432128350188,
           0.012057741215848126,
           0.012363881212095855,
           0.012697852117093377,
           0.013059653930840697,
           0.01344928665333781,
           0.013866750284584712,
           0.014312044824581416,
           0.014785170273327904,
           0.015286126630824194,
           0.015814913897070276,
           0.016371532072066146,
           0.016955981155811817,
           0.017568261148307278,
           0.01820837204955254,
           0.018876313859547585,
           0.019572086578292423,
           0.020295690205787066,
           0.021047124742031496,
           0.021826390187025715,
           0.022633486540769736
          ],
          [
           0.02188205200452531,
           0.021074955650781286,
           0.020295690205787066,
           0.019544255669542633,
           0.018820652042048,
           0.01812487932330315,
           0.017456937513308103,
           0.016816826612062852,
           0.01620454661956739,
           0.015620097535821718,
           0.015063479360825846,
           0.014534692094579766,
           0.014033735737083476,
           0.013560610288336987,
           0.013115315748340286,
           0.012697852117093377,
           0.012308219394596271,
           0.011946417580848951,
           0.011612446675851427,
           0.011306306679603697,
           0.011027997592105758,
           0.010777519413357617,
           0.010554872143359265,
           0.010360055782110711,
           0.010193070329611947,
           0.010053915785862979,
           0.009942592150863804,
           0.009859099424614423,
           0.009803437607114837,
           0.009775606698365042,
           0.009775606698365042,
           0.009803437607114837,
           0.009859099424614423,
           0.009942592150863802,
           0.010053915785862979,
           0.010193070329611947,
           0.010360055782110711,
           0.010554872143359265,
           0.010777519413357617,
           0.011027997592105758,
           0.011306306679603697,
           0.011612446675851427,
           0.011946417580848951,
           0.012308219394596271,
           0.012697852117093377,
           0.013115315748340286,
           0.013560610288336987,
           0.014033735737083476,
           0.014534692094579766,
           0.015063479360825846,
           0.015620097535821718,
           0.01620454661956739,
           0.016816826612062852,
           0.017456937513308114,
           0.01812487932330315,
           0.018820652042047994,
           0.019544255669542633,
           0.020295690205787066,
           0.021074955650781293,
           0.02188205200452531
          ],
          [
           0.02115844837703067,
           0.020351352023286653,
           0.019572086578292423,
           0.018820652042048,
           0.01809704841455336,
           0.01740127569580852,
           0.016733333885813464,
           0.016093222984568212,
           0.015480942992072751,
           0.014896493908327082,
           0.01433987573333121,
           0.013811088467085127,
           0.01331013210958884,
           0.012837006660842351,
           0.012391712120845647,
           0.011974248489598747,
           0.011584615767101633,
           0.011222813953354314,
           0.010888843048356788,
           0.010582703052109059,
           0.01030439396461112,
           0.010053915785862977,
           0.00983126851586463,
           0.00963645215461607,
           0.00946946670211731,
           0.009330312158368341,
           0.009218988523369167,
           0.009135495797119786,
           0.009079833979620198,
           0.009052003070870404,
           0.009052003070870404,
           0.009079833979620198,
           0.009135495797119786,
           0.009218988523369165,
           0.009330312158368341,
           0.00946946670211731,
           0.009636452154616074,
           0.00983126851586463,
           0.010053915785862977,
           0.01030439396461112,
           0.010582703052109059,
           0.010888843048356788,
           0.011222813953354314,
           0.011584615767101633,
           0.011974248489598747,
           0.012391712120845647,
           0.012837006660842351,
           0.01331013210958884,
           0.013811088467085127,
           0.01433987573333121,
           0.014896493908327082,
           0.015480942992072751,
           0.016093222984568212,
           0.016733333885813474,
           0.01740127569580852,
           0.01809704841455336,
           0.018820652042048,
           0.019572086578292423,
           0.020351352023286653,
           0.02115844837703067
          ],
          [
           0.020462675658285825,
           0.01965557930454181,
           0.018876313859547585,
           0.01812487932330315,
           0.01740127569580852,
           0.016705502977063674,
           0.016037561167068625,
           0.015397450265823372,
           0.01478517027332791,
           0.014200721189582238,
           0.013644103014586363,
           0.013115315748340286,
           0.012614359390843998,
           0.012141233942097504,
           0.011695939402100803,
           0.011278475770853901,
           0.010888843048356788,
           0.01052704123460947,
           0.010193070329611946,
           0.009886930333364217,
           0.009608621245866278,
           0.009358143067118135,
           0.009135495797119786,
           0.008940679435871228,
           0.008773693983372468,
           0.0086345394396235,
           0.008523215804624324,
           0.00843972307837494,
           0.008384061260875356,
           0.00835623035212556,
           0.00835623035212556,
           0.008384061260875356,
           0.00843972307837494,
           0.008523215804624323,
           0.0086345394396235,
           0.008773693983372468,
           0.008940679435871231,
           0.009135495797119786,
           0.009358143067118135,
           0.009608621245866278,
           0.009886930333364213,
           0.010193070329611947,
           0.01052704123460947,
           0.010888843048356788,
           0.011278475770853901,
           0.011695939402100803,
           0.012141233942097504,
           0.012614359390843998,
           0.013115315748340291,
           0.013644103014586363,
           0.014200721189582238,
           0.01478517027332791,
           0.015397450265823372,
           0.016037561167068625,
           0.016705502977063674,
           0.01740127569580852,
           0.01812487932330315,
           0.018876313859547585,
           0.01965557930454181,
           0.020462675658285825
          ],
          [
           0.01979473384829078,
           0.01898763749454676,
           0.018208372049552533,
           0.017456937513308103,
           0.016733333885813464,
           0.016037561167068625,
           0.015369619357073575,
           0.014729508455828318,
           0.014117228463332859,
           0.01353277937958719,
           0.012976161204591318,
           0.012447373938345238,
           0.011946417580848948,
           0.011473292132102459,
           0.011027997592105756,
           0.010610533960858853,
           0.010220901238361738,
           0.00985909942461442,
           0.009525128519616895,
           0.009218988523369165,
           0.008940679435871228,
           0.008690201257123085,
           0.008467553987124735,
           0.00827273762587618,
           0.008105752173377417,
           0.007966597629628447,
           0.007855273994629274,
           0.007771781268379892,
           0.007716119450880306,
           0.007688288542130512,
           0.007688288542130512,
           0.007716119450880306,
           0.007771781268379892,
           0.007855273994629274,
           0.007966597629628447,
           0.008105752173377417,
           0.008272737625876181,
           0.008467553987124735,
           0.008690201257123085,
           0.008940679435871228,
           0.009218988523369165,
           0.009525128519616895,
           0.00985909942461442,
           0.010220901238361738,
           0.010610533960858853,
           0.011027997592105756,
           0.011473292132102459,
           0.011946417580848948,
           0.012447373938345238,
           0.012976161204591318,
           0.01353277937958719,
           0.014117228463332859,
           0.014729508455828318,
           0.015369619357073575,
           0.016037561167068625,
           0.016733333885813464,
           0.017456937513308103,
           0.018208372049552533,
           0.01898763749454676,
           0.01979473384829078
          ],
          [
           0.01915462294704552,
           0.018347526593301498,
           0.017568261148307278,
           0.016816826612062852,
           0.016093222984568212,
           0.015397450265823372,
           0.014729508455828318,
           0.014089397554583065,
           0.013477117562087608,
           0.012892668478341933,
           0.012336050303346061,
           0.011807263037099981,
           0.011306306679603695,
           0.010833181230857202,
           0.0103878866908605,
           0.009970423059613598,
           0.009580790337116483,
           0.009218988523369165,
           0.008885017618371639,
           0.00857887762212391,
           0.008300568534625975,
           0.008050090355877832,
           0.00782744308587948,
           0.007632626724630924,
           0.007465641272132164,
           0.007326486728383192,
           0.007215163093384018,
           0.0071316703671346375,
           0.007076008549635051,
           0.007048177640885256,
           0.007048177640885256,
           0.007076008549635051,
           0.0071316703671346375,
           0.007215163093384018,
           0.007326486728383192,
           0.007465641272132164,
           0.007632626724630926,
           0.00782744308587948,
           0.008050090355877832,
           0.008300568534625975,
           0.00857887762212391,
           0.008885017618371642,
           0.009218988523369165,
           0.009580790337116483,
           0.009970423059613598,
           0.0103878866908605,
           0.010833181230857202,
           0.011306306679603695,
           0.011807263037099981,
           0.012336050303346061,
           0.012892668478341933,
           0.013477117562087608,
           0.014089397554583065,
           0.014729508455828324,
           0.015397450265823372,
           0.016093222984568206,
           0.016816826612062852,
           0.017568261148307278,
           0.018347526593301505,
           0.01915462294704552
          ],
          [
           0.018542342954550057,
           0.017735246600806043,
           0.016955981155811817,
           0.01620454661956739,
           0.015480942992072751,
           0.01478517027332791,
           0.014117228463332859,
           0.013477117562087608,
           0.012864837569592145,
           0.012280388485846474,
           0.011723770310850604,
           0.01119498304460452,
           0.010694026687108234,
           0.010220901238361741,
           0.009775606698365039,
           0.009358143067118135,
           0.008968510344621023,
           0.008606708530873705,
           0.008272737625876181,
           0.007966597629628452,
           0.007688288542130515,
           0.00743781036338237,
           0.00721516309338402,
           0.007020346732135464,
           0.006853361279636702,
           0.006714206735887734,
           0.006602883100888561,
           0.006519390374639177,
           0.006463728557139591,
           0.006435897648389798,
           0.006435897648389798,
           0.006463728557139591,
           0.006519390374639177,
           0.006602883100888558,
           0.006714206735887734,
           0.006853361279636702,
           0.007020346732135465,
           0.00721516309338402,
           0.00743781036338237,
           0.007688288542130515,
           0.00796659762962845,
           0.008272737625876181,
           0.008606708530873705,
           0.008968510344621023,
           0.009358143067118135,
           0.009775606698365039,
           0.010220901238361741,
           0.010694026687108234,
           0.011194983044604522,
           0.011723770310850604,
           0.012280388485846474,
           0.012864837569592145,
           0.013477117562087608,
           0.014117228463332859,
           0.01478517027332791,
           0.015480942992072751,
           0.01620454661956739,
           0.016955981155811817,
           0.017735246600806043,
           0.018542342954550057
          ],
          [
           0.01795789387080439,
           0.01715079751706037,
           0.016371532072066146,
           0.015620097535821718,
           0.014896493908327082,
           0.014200721189582238,
           0.01353277937958719,
           0.012892668478341933,
           0.012280388485846474,
           0.011695939402100803,
           0.011139321227104931,
           0.01061053396085885,
           0.010109577603362565,
           0.00963645215461607,
           0.00919115761461937,
           0.008773693983372468,
           0.008384061260875354,
           0.008022259447128036,
           0.00768828854213051,
           0.0073821485458827815,
           0.007103839458384843,
           0.0068533612796367,
           0.006630714009638349,
           0.0064358976483897936,
           0.0062689121958910314,
           0.006129757652142063,
           0.006018434017142888,
           0.005934941290893508,
           0.005879279473393919,
           0.005851448564644125,
           0.005851448564644125,
           0.005879279473393919,
           0.005934941290893508,
           0.006018434017142888,
           0.006129757652142063,
           0.0062689121958910314,
           0.0064358976483897936,
           0.006630714009638349,
           0.006853361279636699,
           0.007103839458384843,
           0.007382148545882779,
           0.007688288542130512,
           0.008022259447128036,
           0.00838406126087535,
           0.008773693983372468,
           0.00919115761461937,
           0.00963645215461607,
           0.010109577603362565,
           0.010610533960858853,
           0.011139321227104931,
           0.011695939402100803,
           0.012280388485846474,
           0.012892668478341933,
           0.01353277937958719,
           0.014200721189582238,
           0.014896493908327082,
           0.015620097535821718,
           0.016371532072066146,
           0.017150797517060376,
           0.01795789387080439
          ],
          [
           0.01740127569580852,
           0.016594179342064502,
           0.015814913897070276,
           0.015063479360825846,
           0.01433987573333121,
           0.013644103014586363,
           0.012976161204591318,
           0.012336050303346061,
           0.011723770310850604,
           0.011139321227104931,
           0.010582703052109059,
           0.010053915785862977,
           0.009552959428366689,
           0.009079833979620198,
           0.0086345394396235,
           0.008217075808376592,
           0.00782744308587948,
           0.007465641272132164,
           0.0071316703671346375,
           0.00682553037088691,
           0.00654722128338897,
           0.006296743104640828,
           0.006074095834642477,
           0.0058792794733939216,
           0.005712294020895159,
           0.005573139477146191,
           0.005461815842147016,
           0.005378323115897635,
           0.005322661298398047,
           0.005294830389648254,
           0.005294830389648254,
           0.005322661298398047,
           0.005378323115897635,
           0.005461815842147016,
           0.005573139477146191,
           0.005712294020895159,
           0.0058792794733939216,
           0.006074095834642477,
           0.006296743104640828,
           0.00654722128338897,
           0.006825530370886907,
           0.007131670367134638,
           0.007465641272132164,
           0.007827443085879477,
           0.008217075808376592,
           0.0086345394396235,
           0.009079833979620198,
           0.009552959428366689,
           0.010053915785862979,
           0.010582703052109059,
           0.011139321227104931,
           0.011723770310850604,
           0.012336050303346061,
           0.012976161204591318,
           0.013644103014586363,
           0.01433987573333121,
           0.015063479360825846,
           0.015814913897070276,
           0.016594179342064502,
           0.01740127569580852
          ],
          [
           0.016872488429562432,
           0.01606539207581842,
           0.015286126630824194,
           0.014534692094579766,
           0.013811088467085127,
           0.013115315748340286,
           0.012447373938345238,
           0.011807263037099981,
           0.01119498304460452,
           0.01061053396085885,
           0.010053915785862977,
           0.009525128519616895,
           0.009024172162120609,
           0.008551046713374118,
           0.008105752173377417,
           0.007688288542130512,
           0.007298655819633399,
           0.006936854005886083,
           0.0066028831008885566,
           0.006296743104640828,
           0.00601843401714289,
           0.005767955838394747,
           0.005545308568396397,
           0.005350492207147841,
           0.0051835067546490785,
           0.005044352210900111,
           0.004933028575900935,
           0.004849535849651554,
           0.004793874032151965,
           0.004766043123402173,
           0.004766043123402173,
           0.004793874032151967,
           0.004849535849651554,
           0.004933028575900935,
           0.005044352210900111,
           0.0051835067546490785,
           0.005350492207147841,
           0.005545308568396397,
           0.005767955838394745,
           0.00601843401714289,
           0.006296743104640828,
           0.006602883100888558,
           0.006936854005886083,
           0.007298655819633399,
           0.007688288542130512,
           0.008105752173377417,
           0.008551046713374118,
           0.009024172162120609,
           0.009525128519616899,
           0.010053915785862977,
           0.01061053396085885,
           0.01119498304460452,
           0.011807263037099981,
           0.012447373938345238,
           0.013115315748340286,
           0.013811088467085127,
           0.014534692094579766,
           0.015286126630824194,
           0.01606539207581842,
           0.016872488429562432
          ],
          [
           0.016371532072066146,
           0.015564435718322134,
           0.014785170273327904,
           0.014033735737083476,
           0.01331013210958884,
           0.012614359390843998,
           0.011946417580848948,
           0.011306306679603695,
           0.010694026687108234,
           0.010109577603362565,
           0.009552959428366689,
           0.009024172162120609,
           0.008523215804624323,
           0.008050090355877832,
           0.007604795815881131,
           0.007187332184634225,
           0.006797699462137113,
           0.006435897648389795,
           0.00610192674339227,
           0.0057957867471445405,
           0.005517477659646603,
           0.00526699948089846,
           0.005044352210900108,
           0.004849535849651554,
           0.00468255039715279,
           0.004543395853403824,
           0.004432072218404647,
           0.004348579492155266,
           0.00429291767465568,
           0.004265086765905885,
           0.004265086765905885,
           0.00429291767465568,
           0.004348579492155266,
           0.004432072218404647,
           0.004543395853403824,
           0.00468255039715279,
           0.004849535849651554,
           0.005044352210900108,
           0.005266999480898457,
           0.005517477659646603,
           0.00579578674714454,
           0.006101926743392271,
           0.006435897648389795,
           0.006797699462137112,
           0.007187332184634225,
           0.007604795815881131,
           0.008050090355877832,
           0.008523215804624323,
           0.009024172162120609,
           0.009552959428366689,
           0.010109577603362565,
           0.010694026687108234,
           0.011306306679603695,
           0.011946417580848951,
           0.012614359390843998,
           0.01331013210958884,
           0.014033735737083476,
           0.014785170273327904,
           0.015564435718322134,
           0.016371532072066146
          ],
          [
           0.015898406623319653,
           0.015091310269575641,
           0.014312044824581416,
           0.013560610288336987,
           0.012837006660842351,
           0.012141233942097504,
           0.011473292132102459,
           0.010833181230857202,
           0.010220901238361741,
           0.00963645215461607,
           0.009079833979620198,
           0.008551046713374118,
           0.008050090355877832,
           0.007576964907131338,
           0.0071316703671346375,
           0.006714206735887734,
           0.0063245740133906206,
           0.005962772199643303,
           0.005628801294645778,
           0.005322661298398049,
           0.005044352210900111,
           0.004793874032151967,
           0.0045712267621536165,
           0.0043764104009050625,
           0.004209424948406299,
           0.004070270404657331,
           0.003958946769658156,
           0.0038754540434087757,
           0.003819792225909187,
           0.003791961317159393,
           0.003791961317159393,
           0.003819792225909187,
           0.0038754540434087757,
           0.003958946769658156,
           0.004070270404657331,
           0.004209424948406299,
           0.0043764104009050625,
           0.0045712267621536165,
           0.004793874032151965,
           0.005044352210900111,
           0.005322661298398047,
           0.005628801294645778,
           0.005962772199643303,
           0.00632457401339062,
           0.006714206735887734,
           0.0071316703671346375,
           0.007576964907131338,
           0.008050090355877832,
           0.00855104671337412,
           0.009079833979620198,
           0.00963645215461607,
           0.010220901238361741,
           0.010833181230857202,
           0.01147329213210246,
           0.012141233942097504,
           0.012837006660842351,
           0.013560610288336987,
           0.014312044824581416,
           0.015091310269575641,
           0.015898406623319653
          ],
          [
           0.015453112083322954,
           0.014646015729578939,
           0.013866750284584712,
           0.013115315748340286,
           0.012391712120845647,
           0.011695939402100803,
           0.011027997592105756,
           0.0103878866908605,
           0.009775606698365039,
           0.00919115761461937,
           0.0086345394396235,
           0.008105752173377417,
           0.007604795815881131,
           0.0071316703671346375,
           0.006686375827137938,
           0.006268912195891034,
           0.0058792794733939216,
           0.005517477659646603,
           0.005183506754649077,
           0.004877366758401347,
           0.004599057670903411,
           0.004348579492155266,
           0.004125932222156917,
           0.00393111586090836,
           0.0037641304084095983,
           0.0036249758646606303,
           0.0035136522296614547,
           0.003430159503412074,
           0.0033744976859124854,
           0.003346666777162693,
           0.003346666777162693,
           0.0033744976859124876,
           0.003430159503412074,
           0.0035136522296614547,
           0.0036249758646606303,
           0.0037641304084095983,
           0.00393111586090836,
           0.004125932222156917,
           0.0043485794921552644,
           0.004599057670903411,
           0.004877366758401347,
           0.0051835067546490785,
           0.005517477659646603,
           0.005879279473393919,
           0.006268912195891034,
           0.006686375827137938,
           0.0071316703671346375,
           0.007604795815881131,
           0.008105752173377419,
           0.0086345394396235,
           0.00919115761461937,
           0.009775606698365039,
           0.0103878866908605,
           0.011027997592105758,
           0.011695939402100803,
           0.012391712120845647,
           0.013115315748340286,
           0.013866750284584712,
           0.014646015729578939,
           0.015453112083322954
          ],
          [
           0.01503564845207605,
           0.014228552098332035,
           0.01344928665333781,
           0.012697852117093377,
           0.011974248489598747,
           0.011278475770853901,
           0.010610533960858853,
           0.009970423059613598,
           0.009358143067118135,
           0.008773693983372468,
           0.008217075808376592,
           0.007688288542130512,
           0.007187332184634225,
           0.006714206735887734,
           0.006268912195891034,
           0.005851448564644127,
           0.005461815842147016,
           0.0051000140283996975,
           0.004766043123402173,
           0.004459903127154442,
           0.004181594039656506,
           0.003931115860908363,
           0.0037084685909100127,
           0.0035136522296614564,
           0.0033466667771626943,
           0.0032075122334137255,
           0.0030961885984145494,
           0.0030126958721651688,
           0.002957034054665582,
           0.002929203145915788,
           0.002929203145915788,
           0.002957034054665582,
           0.0030126958721651688,
           0.0030961885984145494,
           0.0032075122334137255,
           0.0033466667771626943,
           0.0035136522296614564,
           0.0037084685909100127,
           0.00393111586090836,
           0.004181594039656506,
           0.004459903127154441,
           0.004766043123402173,
           0.0051000140283996975,
           0.005461815842147014,
           0.005851448564644127,
           0.006268912195891034,
           0.006714206735887734,
           0.007187332184634225,
           0.007688288542130515,
           0.008217075808376592,
           0.008773693983372468,
           0.009358143067118135,
           0.009970423059613598,
           0.010610533960858854,
           0.011278475770853901,
           0.011974248489598743,
           0.012697852117093377,
           0.01344928665333781,
           0.01422855209833204,
           0.01503564845207605
          ],
          [
           0.014646015729578939,
           0.013838919375834922,
           0.013059653930840697,
           0.012308219394596271,
           0.011584615767101633,
           0.010888843048356788,
           0.010220901238361738,
           0.009580790337116483,
           0.008968510344621023,
           0.008384061260875354,
           0.00782744308587948,
           0.007298655819633399,
           0.006797699462137113,
           0.0063245740133906206,
           0.0058792794733939216,
           0.005461815842147016,
           0.005072183119649903,
           0.004710381305902584,
           0.00437641040090506,
           0.004070270404657331,
           0.003791961317159393,
           0.0035414831384112497,
           0.0033188358684128998,
           0.0031240195071643444,
           0.0029570340546655814,
           0.002817879510916613,
           0.0027065558759174382,
           0.0026230631496680567,
           0.0025674013321684694,
           0.002539570423418676,
           0.002539570423418676,
           0.0025674013321684694,
           0.0026230631496680567,
           0.0027065558759174382,
           0.002817879510916613,
           0.0029570340546655814,
           0.0031240195071643444,
           0.0033188358684128998,
           0.0035414831384112497,
           0.003791961317159393,
           0.0040702704046573284,
           0.0043764104009050625,
           0.004710381305902584,
           0.005072183119649903,
           0.005461815842147016,
           0.0058792794733939216,
           0.0063245740133906206,
           0.006797699462137113,
           0.007298655819633401,
           0.00782744308587948,
           0.008384061260875354,
           0.008968510344621023,
           0.009580790337116483,
           0.010220901238361741,
           0.010888843048356788,
           0.01158461576710163,
           0.012308219394596271,
           0.013059653930840697,
           0.013838919375834927,
           0.014646015729578939
          ],
          [
           0.014284213915831618,
           0.013477117562087608,
           0.012697852117093377,
           0.011946417580848951,
           0.011222813953354314,
           0.01052704123460947,
           0.00985909942461442,
           0.009218988523369165,
           0.008606708530873705,
           0.008022259447128036,
           0.007465641272132164,
           0.006936854005886083,
           0.006435897648389795,
           0.005962772199643303,
           0.005517477659646603,
           0.0051000140283996975,
           0.004710381305902584,
           0.004348579492155266,
           0.004014608587157742,
           0.0037084685909100127,
           0.0034301595034120754,
           0.003179681324663931,
           0.002957034054665582,
           0.002762217693417025,
